Learned Class probabilities:
negative : 0.5
positive : 0.5

Learned Class Means:
(2 20x1 matrices): 
negative :  
 1.320948141	1.297265109	1.323398348	1.314699238	1.364715303	1.350893541	1.337133436	1.325960074	1.282597976	1.350533882	1.30827574	1.328959044	1.35649765	1.305793632	1.320826775	1.293476713	1.289274205	1.29422202	1.326613147	1.333127582


positive : 
2.093014443	2.023669998	2.02833618	2.034961182	2.073226305	2.025525401	2.036173821	2.018097389	1.953294202	1.951343682	2.029716415	2.008981273	1.997359519	2.023359572	2.027251059	1.962141538	1.9931127	2.00837117	2.05688038	2.031541396


Leaned shared Covariance Matrix: 
(20x20 matrix)
7.54977034	5.352623297	6.031404328	4.924815987	5.632508672	5.923741979	4.405958483	5.150626169	4.824540219	4.824567081	3.783129053	5.042144636	6.744088428	5.731884662	5.852538281	5.692772398	5.82181388	5.451226555	5.380900392	5.5749894385.352623297	6.702874425	5.338628065	4.159356546	5.246008525	5.481086136	4.180799909	3.792930092	4.085179841	4.767064742	3.276181252	4.438790414	5.638662875	4.934675529	5.241737632	4.97437118	5.622464705	4.890617332	5.192796299	5.0388373936.031404328	5.338628065	7.286240671	4.721480837	5.677628804	6.5047505	4.456903052	4.641373267	4.840670347	4.84127199	3.269736917	4.519694977	6.141035557	5.097558035	5.98207191	5.801153155	6.309277443	4.863528276	4.659012369	4.924240184.924815987	4.159356546	4.721480837	5.546811603	5.139727499	4.282981626	3.560737717	4.137619056	3.281059835	3.905003381	2.670383194	3.995177815	5.564233805	4.587451833	4.554005489	4.84645118	4.60382661	4.364562264	3.750205854	5.4588387435.632508672	5.246008525	5.677628804	5.139727499	6.858217335	5.20298516	4.865560176	4.150181699	4.546231035	4.83578951	3.958223795	4.79540971	5.929968259	5.624836583	5.781883396	5.983152865	5.79576033	4.945941873	5.128453577	5.5081166265.923741979	5.481086136	6.5047505	4.282981626	5.20298516	6.568906677	4.287750156	4.663740003	4.64726687	5.034763422	2.932175491	4.620653882	6.061913275	4.808469175	5.604460088	5.711900979	5.929197912	4.775066334	4.67839512	4.9187692924.405958483	4.180799909	4.456903052	3.560737717	4.865560176	4.287750156	5.037603545	3.729559535	3.804335099	4.150579136	2.86930134	4.1921456	4.455527059	3.955506703	4.513034354	5.131611526	4.181427717	3.508121024	4.43482247	3.691663645.150626169	3.792930092	4.641373267	4.137619056	4.150181699	4.663740003	3.729559535	5.789524988	3.417982109	4.648855313	2.4018169	4.649130126	5.810457541	4.918308221	4.622778896	5.910905685	4.392569583	4.687496326	4.612104253	4.1380781714.824540219	4.085179841	4.840670347	3.281059835	4.546231035	4.64726687	3.804335099	3.417982109	4.834761484	4.431807037	3.037557344	3.920239914	4.881031632	4.506599298	4.791420871	4.933215361	5.088178144	3.921514705	4.100707695	3.9036191384.824567081	4.767064742	4.84127199	3.905003381	4.83578951	5.034763422	4.150579136	4.648855313	4.431807037	6.695237196	3.102877045	4.4477773	6.356692764	4.885473529	4.701649216	5.670675031	4.5715869	4.957582898	4.305502657	4.900334363.783129053	3.276181252	3.269736917	2.670383194	3.958223795	2.932175491	2.86930134	2.4018169	3.037557344	3.102877045	3.200860629	2.768079428	3.578464217	3.734698656	3.517555334	3.543697468	3.584854199	3.083373828	3.557566089	3.3480382535.042144636	4.438790414	4.519694977	3.995177815	4.79540971	4.620653882	4.1921456	4.649130126	3.920239914	4.4477773	2.768079428	5.032107598	5.668989757	4.749730568	4.58392606	5.302895093	4.900500655	4.628006872	4.800251201	4.2087797766.744088428	5.638662875	6.141035557	5.564233805	5.929968259	6.061913275	4.455527059	5.810457541	4.881031632	6.356692764	3.578464217	5.668989757	8.567822972	5.956193394	5.904275338	6.15203628	5.852453408	5.988113188	5.617614317	6.8430608185.731884662	4.934675529	5.097558035	4.587451833	5.624836583	4.808469175	3.955506703	4.918308221	4.506599298	4.885473529	3.734698656	4.749730568	5.956193394	6.616657476	5.640172317	5.935846012	5.586701587	5.341144438	5.612787895	5.1339690545.852538281	5.241737632	5.98207191	4.554005489	5.781883396	5.604460088	4.513034354	4.622778896	4.791420871	4.701649216	3.517555334	4.58392606	5.904275338	5.640172317	6.754336003	6.886597644	5.742799492	4.888549908	5.258995546	5.4092804645.692772398	4.97437118	5.801153155	4.84645118	5.983152865	5.711900979	5.131611526	5.910905685	4.933215361	5.670675031	3.543697468	5.302895093	6.15203628	5.935846012	6.886597644	9.055419299	5.658618456	5.633884229	5.38894509	5.5045463915.82181388	5.622464705	6.309277443	4.60382661	5.79576033	5.929197912	4.181427717	4.392569583	5.088178144	4.5715869	3.584854199	4.900500655	5.852453408	5.586701587	5.742799492	5.658618456	6.833262986	5.072337747	5.217185949	4.819499385.451226555	4.890617332	4.863528276	4.364562264	4.945941873	4.775066334	3.508121024	4.687496326	3.921514705	4.957582898	3.083373828	4.628006872	5.988113188	5.341144438	4.888549908	5.633884229	5.072337747	5.688138329	4.598060417	4.8016420685.380900392	5.192796299	4.659012369	3.750205854	5.128453577	4.67839512	4.43482247	4.612104253	4.100707695	4.305502657	3.557566089	4.800251201	5.617614317	5.612787895	5.258995546	5.38894509	5.217185949	4.598060417	6.094139493	4.6450781515.574989438	5.038837393	4.92424018	5.458838743	5.508116626	4.918769292	3.69166364	4.138078171	3.903619138	4.90033436	3.348038253	4.208779776	6.843060818	5.133969054	5.409280464	5.504546391	4.81949938	4.801642068	4.645078151	7.451861541