Learned Class probabilities:
negative : 0.5
positive : 0.5

Learned Class Means:
(2 20x1 matrices): 
negative :  
1.106656201	1.214262458	1.221438716	1.190698444	1.226199639	1.334026973	1.14751536	1.132217038	1.242081207	1.099196645	1.160507983	1.177339152	1.269012575	1.255688011	1.25864463	1.237890791	1.166597273	1.252549306	1.221758902	1.314258035

positive : 
1.098937844	1.114663932	1.038330404	1.1411105	1.004301927	1.001046748	1.015867048	1.015808599	1.090081827	1.175329286	1.140150652	1.211306638	1.059474484	0.984875552	1.101698233	1.131124216	1.129635163	1.048332919	1.060827331	0.998913187

Leaned shared Covariance Matrix: 
(20x20 matrix)
8.758306014	5.927923011	5.091337258	5.645697813	4.970666426	6.393590203	6.468996195	6.214734153	4.970863951	5.815325219	6.142094901	5.522258122	5.574502201	6.726035491	6.044379495	6.38079711	6.027444503	6.113768681	6.197125896	6.6891802635.927923011	7.053266651	4.894498647	5.236767224	5.033075719	6.126727368	6.430440687	5.325175568	4.629825655	5.116568621	5.067073403	5.046828117	5.10815114	6.121056926	5.827553615	5.841447115	5.312252083	5.132040567	6.219709024	5.9662629075.091337258	4.894498647	6.592292575	5.322590175	4.692364541	4.951795812	5.964249659	4.573362907	4.621886105	4.832585836	5.03388834	4.974127427	5.298308097	6.019799011	5.532527359	4.963690212	5.404894404	4.542512336	5.793636314	5.8853466665.645697813	5.236767224	5.322590175	7.059944648	4.296840672	5.75169219	6.449050626	5.604737496	4.887033513	5.691396807	5.30431246	4.985779587	5.268817335	5.663597284	5.586769946	5.42635941	5.294130207	5.352290667	5.855428634	6.0937739124.970666426	5.033075719	4.692364541	4.296840672	5.769065514	4.773651158	5.094140663	4.6028791	3.713712538	4.132549785	4.010710816	4.145963267	4.406158181	4.86868623	5.460469412	5.026304377	4.401453992	4.716949936	5.329173561	5.1321794246.393590203	6.126727368	4.951795812	5.75169219	4.773651158	7.951551789	6.792193327	5.3295568	5.563372274	5.660513233	5.294340139	5.183702549	5.61053745	6.676725874	6.049556662	5.898633134	5.82025529	5.530844808	6.713935826	6.5522825856.468996195	6.430440687	5.964249659	6.449050626	5.094140663	6.792193327	8.466069001	6.0049865	5.792697114	6.174576207	6.078849261	5.839893154	5.92673941	7.027157841	6.29860162	6.310755183	6.01928509	5.790237679	7.193898075	6.7123904896.214734153	5.325175568	4.573362907	5.604737496	4.6028791	5.3295568	6.0049865	6.788105567	4.646826871	5.226341511	4.766840647	4.752972671	4.450434142	5.551964652	5.414256924	5.38966151	4.930089665	5.801632764	5.506120748	5.6075473524.970863951	4.629825655	4.621886105	4.887033513	3.713712538	5.563372274	5.792697114	4.646826871	5.905720769	4.646460727	4.453068521	4.41410171	4.56265755	5.183062135	4.935130693	4.504750333	4.869331979	4.604794446	4.921782919	5.0606605575.815325219	5.116568621	4.832585836	5.691396807	4.132549785	5.660513233	6.174576207	5.226341511	4.646460727	6.873381456	4.948849095	4.669968612	5.037090366	5.847155066	5.32579102	5.218227819	5.17989763	4.641703397	6.107770633	5.6054563186.142094901	5.067073403	5.03388834	5.30431246	4.010710816	5.294340139	6.078849261	4.766840647	4.453068521	4.948849095	6.442793091	5.355760021	5.102779977	5.508934808	5.480901617	5.028217097	5.223072162	4.971908171	5.931829849	5.8571294225.522258122	5.046828117	4.974127427	4.985779587	4.145963267	5.183702549	5.839893154	4.752972671	4.41410171	4.669968612	5.355760021	6.607861144	4.847758363	5.464446866	5.576070053	5.254492205	5.406978519	5.1713083	5.810986323	5.5552186255.574502201	5.10815114	5.298308097	5.268817335	4.406158181	5.61053745	5.92673941	4.450434142	4.56265755	5.037090366	5.102779977	4.847758363	6.489086139	5.713782589	5.814033037	5.468456391	5.484821238	4.884282821	6.074138164	5.8812140526.726035491	6.121056926	6.019799011	5.663597284	4.86868623	6.676725874	7.027157841	5.551964652	5.183062135	5.847155066	5.508934808	5.464446866	5.713782589	8.301076542	6.204807171	5.82219224	6.300055125	4.768618531	6.502640103	6.6343576246.044379495	5.827553615	5.532527359	5.586769946	5.460469412	6.049556662	6.29860162	5.414256924	4.935130693	5.32579102	5.480901617	5.576070053	5.814033037	6.204807171	7.497227992	5.687810938	5.738903648	5.555511001	6.207539538	6.6906678336.38079711	5.841447115	4.963690212	5.42635941	5.026304377	5.898633134	6.310755183	5.38966151	4.504750333	5.218227819	5.028217097	5.254492205	5.468456391	5.82219224	5.687810938	6.751391713	5.456306794	5.725398948	6.279733723	6.0473906866.027444503	5.312252083	5.404894404	5.294130207	4.401453992	5.82025529	6.01928509	4.930089665	4.869331979	5.17989763	5.223072162	5.406978519	5.484821238	6.300055125	5.738903648	5.456306794	6.980612756	4.78964887	5.95165921	6.4773026816.113768681	5.132040567	4.542512336	5.352290667	4.716949936	5.530844808	5.790237679	5.801632764	4.604794446	4.641703397	4.971908171	5.1713083	4.884282821	4.768618531	5.555511001	5.725398948	4.78964887	6.999608009	5.740104554	5.6811094716.197125896	6.219709024	5.793636314	5.855428634	5.329173561	6.713935826	7.193898075	5.506120748	4.921782919	6.107770633	5.931829849	5.810986323	6.074138164	6.502640103	6.207539538	6.279733723	5.95165921	5.740104554	8.396725157	6.6375210856.689180263	5.966262907	5.885346666	6.093773912	5.132179424	6.552282585	6.712390489	5.607547352	5.060660557	5.605456318	5.857129422	5.555218625	5.881214052	6.634357624	6.690667833	6.047390686	6.477302681	5.681109471	6.637521085	8.462461956